44,35
3,2
3,1
3,3
10,20
10,294
10,122
10,102
10,203
11,7
8,8
8,5
8,2
8,3
33,4
33,3
33,2
33,1
33,0
20,2
20,1
12,3
12,2
20,3
12,1
11,30
11,29
11,27
11,26
11,25
11,24
11,22
11,21
11,20
11,19
11,18
11,17
11,16
11,15
19,2
19,1
11,14
11,13
11,12
11,11
11,10
11,9
11,8
11,5
11,4
11,3
19,3
11,2
11,1
10,316
10,307
10,300
10,290
10,273
10,271
10,269
10,261
10,257
10,255
10,253
10,249
10,245
10,241
10,240
10,237
10,234
10,231
10,229
10,221
10,204
10,196
10,181
10,178
10,174
10,172
10,168
10,164
10,160
10,155
10,148
10,138
10,135
10,133
10,123
10,119
10,118
18,1
10,115
10,112
18,3
10,74
10,71
10,30
14,1
10,29
14,3
13,1
10,21
10,10
10,3
13,3
10,2
10,1
9,7
9,6
9,5
9,4
9,3
9,2
9,1
